0
1
32
101
112
237
714
1101
1102
1103
1104
1221
2116
2914
3266
3358
3462
3624
3786
4134
4766
4835
4837
4847
6079
6185
6939
7354
7713
8075
8151
9105
9318
9688
9829
10437
10439
10466
10490
10578
10755
10764
10886
11537
12222
12876
13335
14061
14618
15003
15994
16276
16509
16625
17918
18779
19318
19905
20473
20940
21788
21859
23028
23470
23650
23724
23969
24319
24940
25820
25996
26337
26496
27647
29073
29802
30860
32097
32934
33387
33905
34164
34775
35120
35994
36183
36352
36375
36459
37702
37963
38283
38661
39465
39729
40676
43180
43350
44364
44446
44592
45090
45102
45528
45899
46261
46606
47638
47846
47890
48090
48337
48693
48721
49505
49532
49581
49870
49877
50007
50340
50360
51167
51381
51396
51430
51852
53587
53667
54115
54290
54643
57043
57166
57523
57578
57678
58224
58466
58563
58571
58772
59900
60068
60084
60117
60503
60729
61976
62904
63293
63949
64437
131293
132203
132647
132892
134238
134425
134756
134760
134761
134762
134763
134764
134765
134766
134768
134769
134770
134772
134773
134774
135377
136198
136200
136907
138233
139242
139462
139887
146966
197540
200391
201814
202425
202623
203168
204032
204655
204915
205869
206331
206349
206728
207812
208476
209160
209242
209562
209588
209605
210228
210558
211298
211341
211680
211794
212283
213010
213268
215987
263089
263877
264847
265080
267124
267784
268828
269055
269646
394711
395082
395747
396073
396982
397086
398101
398324
398722
