1
71
86
90
93
97
109
114
145
151
163
174
189
199
200
201
202
203
206
209
253
260
262
263
275
277
279
280
281
284
547
560
561
562
563
594
595
596
597
598
680
685
699
701
702
703
763
792
795
801
813
814
815
816
817
834
852
984
996
1101
1102
1103
1105
1106
1107
1108
1125
1127
1128
1129
1130
1131
1132
1133
1138
1139
1141
1142
1143
1144
1145
1146
1147
1148
1149
1150
1151
1152
1153
1154
1155
1156
1157
1158
1159
1160
1161
1162
1163
1164
1165
1166
1167
1168
1169
1170
1171
1172
1173
1174
1175
1176
1177
1178
1179
1180
1181
1182
1183
1184
1185
1186
1187
1188
1189
1190
1191
1192
1193
1194
1195
1196
1198
1199
1215
1216
1217
1218
1219
1220
1225
1237
1239
1240
1267
1268
1269
1281
1282
1283
1284
1313
1321
1343
1347
1381
1630
1659
1660
1661
1662
1665
1666
1667
1669
1670
1671
1672
1673
1674
1675
1677
1679
1681
1683
1684
1685
1686
1687
1688
1689
1691
1692
1693
1694
1695
1697
1698
1699
1704
1706
1729
1740
1743
1747
1764
1768
1781
1786
1787
1789
1790
1791
1792
1793
1794
1795
1799
1800
1801
1802
1803
1804
1805
1806
1807
1808
1810
1828
1838
1870
1871
1872
1934
1956
1957
1964
1969
1997
2002
2005
2006
2007
2008
2009
2010
2014
2015
2051
2118
2125
2130
2140
2149
2152
2278
2279
2280
2281
2282
2283
2284
2285
2286
2287
2288
2289
2290
2291
2292
2293
2294
2295
2296
2297
2298
2299
2300
2301
2302
2303
2304
2305
2306
2307
2308
2309
2310
2311
2312
2313
2314
2315
2316
2317
2318
2319
2320
2321
2322
2323
2324
2325
2326
2327
2328
2329
2330
2331
2332
2333
2334
2335
2336
2337
2338
2339
2340
2341
2342
2343
2344
2345
2346
2347
2348
2349
2350
2351
2352
2353
2354
2355
2356
2357
2358
2359
2360
2361
2362
2363
2364
2365
2366
2367
2368
2369
2370
2371
2372
2373
2374
2375
2376
2377
2379
2385
2497
2538
2548
2551
2554
2563
2587
2588
2599
2634
2637
2649
2685
2757
2758
2759
2760
2761
2766
2773
2775
2776
2777
2778
2780
2782
2792
2828
2855
2856
2859
2878
2888
2889
2890
2891
2892
2895
2906
2907
2914
2915
2917
3057
3082
3132
3133
3143
3150
3210
3214
3215
3216
3233
3235
3239
3253
3257
3267
3269
3285
3300
3301
3309
3320
3343
3344
3348
3356
3357
3358
3369
3371
3383
3420
3421
3422
3423
3447
3448
3456
3457
3460
3462
3483
3488
3491
3493
3502
3508
3549
3559
3561
3593
3598
3608
3612
3617
3625
3632
3633
3643
3644
3645
3646
3647
3648
3649
3650
3651
3652
3707
3717
3748
3757
3758
3772
3784
3786
3813
3825
3830
3831
3844
3908
3909
3910
3934
3936
3943
3945
3946
3951
3963
3964
3965
3966
3969
3976
4000
4015
4017
4040
4048
4060
4064
4132
4134
4183
4184
4185
4186
4191
4192
4200
4202
4212
4229
4237
4239
4250
4281
4282
4283
4284
4285
4286
4287
4288
4289
4290
4291
4292
4293
4294
4295
4296
4297
4298
4313
4323
4361
4382
4388
4433
4434
4436
4465
4466
4467
4468
4473
4513
4515
4538
4550
4565
4567
4611
4622
4636
4651
4659
4660
4663
4665
4666
4668
4669
4670
4671
4672
4683
4740
4745
4747
4751
4753
4754
4756
4757
4760
4766
4780
4787
4788
4789
4790
4798
4799
4800
4808
4809
4811
4812
4814
4815
4816
4821
4832
4835
4837
4839
4843
4847
4855
4860
4908
4911
4961
4981
4990
4991
4999
5000
5006
5051
5060
5061
5065
5084
5089
5102
5103
5104
5105
5107
5384
5400
5431
5503
5511
5521
5537
5541
5563
5573
5583
5591
5607
5609
5650
5668
5669
5671
5715
5725
5727
5728
5729
5730
5731
5737
5761
5765
5778
6066
6068
6100
6113
6126
6142
6152
6161
6167
6174
6175
6176
6177
6182
6194
6222
6223
6224
6225
6226
6227
6256
6259
6267
6269
6279
6291
6299
6332
6334
6347
6350
6363
6367
6389
6395
6421
6427
6453
6467
6478
6484
6494
6496
6534
6541
6577
6584
6619
6640
6643
6659
6672
6685
6698
6713
6724
6729
6731
6763
6789
6828
6844
6849
6863
6869
6871
6877
6878
6921
6939
6944
6976
6982
6984
6993
6995
7011
7014
7015
7016
7017
7018
7019
7021
7023
7029
7037
7046
7053
7061
7070
7128
7132
7160
7161
7176
7181
7191
7192
7193
7222
7224
7262
7270
7286
7290
7303
7349
7359
7377
7393
7407
7421
7445
7450
7458
7478
7481
7482
7500
7532
7541
7552
7557
7576
7587
7597
7602
7620
7632
7633
7638
7643
7660
7707
7713
7725
7754
7756
7757
7776
7821
7836
7843
7851
7853
7861
7911
7922
7934
7941
7977
7986
7987
7988
7989
7990
7991
7997
8001
8013
8016
8017
8043
8048
8052
8065
8068
8070
8075
8086
8100
8106
8112
8151
8175
8180
8190
8203
8204
8219
8249
8285
8325
8331
8342
8345
8350
8359
8371
8382
8439
8443
8452
8462
8472
8473
8516
8551
8557
8560
8563
8568
8570
8580
8594
8675
8755
8773
8828
8851
8877
8891
8897
8915
8926
8952
8959
8960
8961
8966
8972
8987
8997
8998
9009
9049
9057
9059
9121
9123
9125
9153
9228
9251
9263
9269
9270
9286
9298
9299
9304
9305
9309
9311
9316
9318
9326
9335
9340
9341
9349
9388
9396
9401
9415
9422
9425
9430
9437
9442
9444
9448
9452
9457
9462
9467
9487
9498
9501
9504
9521
9535
9555
9558
9568
9583
9591
9628
9657
9674
9683
9721
9730
9737
9752
9753
9785
9791
9794
9800
9802
9808
9809
9829
9830
9840
9875
9905
9914
9915
9919
9924
9929
9931
9936
9939
9943
9950
9986
9990
10027
10029
10034
10077
10088
10095
10103
10114
10116
10118
10122
10126
10133
10135
10137
10154
10201
10206
10208
10212
10217
10220
10225
10291
10293
10311
10318
10383
10424
10429
10439
10456
10481
10490
10502
10531
10620
10659
10719
10753
10768
10770
10784
10796
10805
10825
10826
10827
10828
10829
10830
10831
10832
10833
10838
10884
10895
10910
10923
10960
10983
10994
11003
11024
11025
11026
11042
11049
11060
11104
11113
11133
11145
11158
11180
11213
11220
11225
11226
11274
11303
11308
11325
11336
11351
11356
11371
11383
11398
11404
11412
11419
11426
11427
11464
11479
11486
11506
11508
11526
11530
11538
11563
11625
11641
11654
11706
11707
11774
11798
11818
11824
11837
11849
11853
11887
11955
11989
12008
12064
12076
12079
12178
12199
12207
12222
12234
12257
12262
12264
12270
12271
12322
12332
12380
12381
12389
12390
12543
12576
12586
12615
12641
12663
12683
12685
12690
12695
12705
12730
12768
12772
12792
12846
12876
12880
13055
13056
13062
13094
13095
13115
13118
13155
13174
13194
13213
13257
13335
13343
13367
13385
13399
13420
13421
13422
13432
13442
13445
13489
13493
13560
13562
13588
13619
13661
13713
13787
13789
13811
13832
13878
13886
13890
13910
13916
13926
13949
13960
13964
13965
13999
14040
14061
14065
14080
14164
14178
14215
14247
14311
14340
14353
14370
14405
14406
14407
14436
14441
14496
14506
14544
14547
14551
14583
14589
14618
14654
14663
14664
14668
14710
14719
14741
14742
14744
14783
14789
14838
14876
14904
14905
14910
14912
14919
14921
14926
14987
15006
15056
15057
15058
15060
15093
15135
15149
15169
15179
15180
15218
15219
15224
15233
15244
15308
15330
15418
15419
15442
15468
15493
15500
15519
15611
15640
15723
15736
15759
15891
15934
15996
16012
16028
16043
16054
16087
16124
16179
16200
16230
16256
16261
16276
16287
16300
16301
16472
16473
16509
16540
16550
16572
16625
16631
16695
16702
16718
16734
16748
16765
16787
16807
16815
16817
16835
16852
16858
16885
16892
16911
16923
16941
16959
16961
16962
16963
16964
16965
16966
16967
17014
17020
17047
17048
17066
17072
17106
17111
17113
17144
17151
17157
17168
17187
17204
17239
17252
17258
17268
17277
17284
17334
17338
17345
17358
17359
17373
17378
17402
17413
17426
17428
17440
17442
17443
17444
17447
17450
17451
17453
17454
17464
17469
17483
17490
17502
17503
17538
17567
17620
17621
17622
17629
17633
17638
17655
17658
17661
17665
17670
17672
17673
17709
17725
17727
17735
17754
17769
17771
17772
17783
17785
17788
17796
17799
17800
17809
17813
17816
17824
17826
17832
17858
17883
17884
17885
17891
17896
17910
17913
17917
17923
17930
17962
17964
17971
17974
17995
17996
17997
17998
18002
18004
18008
18011
18012
18023
18026
18028
18031
18038
18040
18049
18052
18056
18059
18067
18085
18103
18105
18116
18118
18177
18206
18209
18229
18238
18252
18257
18344
18387
18410
18461
18494
18541
18549
18573
18623
18650
18652
18680
18717
18747
18779
18837
18869
18881
18916
19025
19026
19027
19028
19164
19182
19190
19262
19318
19527
19548
19549
19698
19871
19905
19973
20001
20037
20046
20052
20054
20189
20214
20231
20473
20519
20580
20730
20738
20773
20807
20863
20936
20940
21017
21103
21250
21289
21311
21334
21335
21353
21365
21378
21442
21447
21479
21487
21499
21501
21508
21522
21590
21664
21859
21910
22092
22099
22186
22207
22258
22298
22363
22394
22435
22452
22521
22561
22612
22692
22781
22884
22909
23126
23148
23253
23266
23273
23454
23455
23468
23470
23610
23611
23650
23662
23675
23724
23736
23771
23839
23870
23903
23910
23911
23969
24059
24133
24145
24153
24186
24301
24302
24309
24310
24311
24319
24348
24400
24401
24444
24445
24458
24460
24469
24489
24495
24544
24547
24560
24575
24588
24600
24612
24665
24669
24699
24757
24783
24789
24810
24873
24940
25008
25041
25052
25086
25113
25127
25186
25369
25405
25408
25436
25446
25484
25487
25490
25510
25515
25531
25537
25796
25820
26008
26222
26347
26496
26599
26603
26608
26666
26910
27476
27497
27699
27715
27798
27805
27864
27871
28343
28351
28412
28413
28414
28513
28541
28550
28573
28708
28719
28738
28802
28832
28860
28880
28884
29053
29069
29182
29190
29194
29209
29225
29330
29447
29456
29497
29752
29761
29976
30069
30083
30135
30407
30520
30575
30675
30693
30738
30749
30751
30860
30868
30881
30922
30974
31036
31094
31100
31185
31270
31286
31302
31338
31353
31363
31400
31469
31483
31484
31494
31496
31558
31585
31692
31792
31815
31898
31925
31984
32241
32471
32476
32787
32855
33047
33052
33287
33351
33489
33490
33491
33517
33542
33650
33651
33652
33653
33654
33655
33656
33657
33658
33659
33660
33661
33662
33663
33664
33665
33666
33667
33668
33887
33894
33899
33934
34011
34088
34137
34145
34150
34168
34202
34205
34224
34267
34289
34297
34351
34440
34449
34490
34508
34533
34534
34584
34590
34875
34888
34892
34925
34974
35078
35106
35125
35154
35177
35196
35295
35329
35374
35389
35400
35473
35478
35516
35531
35540
35545
35569
35672
35682
35728
35916
35993
35994
36006
36007
36029
36183
36196
36282
36352
36377
36561
36727
36732
36733
36903
36956
37728
37930
37936
37945
37952
37963
38019
38027
38035
38040
38042
38057
38255
38270
38272
38283
38322
38335
38365
38585
38587
38719
38731
38837
38895
38951
38976
38985
38996
39001
39028
39054
39111
39229
39407
39435
39486
39493
39494
39751
39752
39779
39799
39811
39858
40021
40045
40065
40066
40092
40504
40561
40676
40921
40993
41002
41128
41134
41145
41190
41209
41279
41403
41436
41440
41661
41668
41682
41689
41691
41725
41727
41733
41754
41771
41786
41822
41843
41854
41944
42087
42091
42113
42115
42116
42145
42161
42218
42309
42322
42358
42362
42366
42368
42397
42399
42448
42548
42610
42624
42631
42682
42683
42715
42751
42825
42902
42946
43038
43053
43097
43132
43148
43154
43198
43218
43314
43318
43468
43478
43489
43574
43659
43754
43788
43793
43878
43975
44066
44144
44237
44257
44273
44412
44467
44477
44486
44497
44546
44579
44592
44677
44709
44727
44736
44771
44828
44895
44905
44982
44987
45048
45051
45056
45090
45102
45117
45120
45256
45514
45567
45576
45587
45609
45664
45757
45758
45899
46182
46261
46403
46407
46558
46606
46652
46844
47111
47151
47385
47398
47460
47579
47583
47595
47659
47890
47899
47911
48000
48090
48100
48123
48124
48130
48201
48212
48287
48322
48337
48400
48421
48456
48532
48541
48612
48721
48788
48796
48858
49032
49037
49048
49111
49154
49170
49182
49199
49305
49350
49434
49505
49544
49581
49655
49665
49816
49870
49874
49981
49999
50011
50047
50053
50071
50212
50240
50340
50360
50397
50406
50498
50512
50529
50542
50543
50544
50580
50646
50896
50932
51034
51035
51116
51118
51119
51167
51211
51281
51396
51433
51570
51604
51645
51711
51748
51789
51819
51828
51852
51862
52167
52207
52288
52468
53244
53297
53340
53667
54253
54359
54500
54719
55293
55468
55808
55836
55933
55956
55990
56040
56044
56046
56282
56330
56377
56420
56678
56897
56971
56981
57026
57043
57044
57378
57510
57523
57561
57717
58157
58212
58224
58325
58461
58466
58517
58519
58539
58563
58593
59265
59349
59713
60043
60068
60077
60135
60230
60253
60262
60490
60729
60781
60891
60935
61164
61192
61976
62068
62177
62239
62240
62287
62423
62610
62651
62904
63023
63245
63295
63314
63835
63838
63949
64280
64286
131142
131285
131293
131325
131444
131584
132019
132147
132153
132203
132225
132437
132510
132525
132536
132833
133118
133774
134154
134166
134238
134417
134425
134542
134768
134810
134823
134963
135054
135061
135089
135161
135377
135499
135566
135629
135905
136052
136188
136190
136787
136907
136958
136970
137019
137266
137280
137401
137417
137539
137702
137718
138152
138169
138387
138407
138409
138421
138436
138513
138524
138570
138597
138635
138641
138679
138982
138991
139007
139040
139080
139090
139201
139203
139220
139341
139350
139462
139591
139710
139721
139767
139887
140053
140056
140061
140083
140105
140238
140245
140290
140308
140328
140345
140364
140483
140508
140527
140528
140553
140636
140638
140647
140707
140716
140717
140726
140852
140853
140886
140903
140979
141006
141025
141039
141180
141238
141425
141679
141739
141771
141995
141998
142403
142404
142608
146746
146966
147027
147038
147044
147049
148969
148981
149178
149519
149837
149979
150145
151397
151610
151823
152120
152194
152463
152609
196716
196747
197023
197140
197540
197878
198039
198295
198953
199140
199610
200019
200651
201186
201814
202023
202306
202425
202660
203000
203020
203168
203451
203833
203914
203942
204183
204187
204224
204287
204354
204548
204701
204915
204952
205100
205125
206092
206264
207812
208312
208323
209559
209588
209605
210558
210616
210644
211298
211680
212238
213035
215240
215450
215479
215766
215987
216167
262734
263877
268199
269646
394711
396356
396507
396982
397086
398101
398324
398705
398722
399486
400754
1
71
86
90
93
97
109
114
145
151
163
174
189
199
200
201
202
203
206
209
253
260
262
263
275
277
279
280
281
284
547
560
561
562
563
594
595
596
597
598
680
685
699
701
702
703
763
792
795
801
813
814
815
816
817
834
852
984
996
1101
1102
1103
1105
1106
1107
1108
1125
1127
1128
1129
1130
1131
1132
1133
1138
1139
1141
1142
1143
1144
1145
1146
1147
1148
1149
1150
1151
1152
1153
1154
1155
1156
1157
1158
1159
1160
1161
1162
1163
1164
1165
1166
1167
1168
1169
1170
1171
1172
1173
1174
1175
1176
1177
1178
1179
1180
1181
1182
1183
1184
1185
1186
1187
1188
1189
1190
1191
1192
1193
1194
1195
1196
1198
1199
1215
1216
1217
1218
1219
1220
1225
1237
1239
1240
1267
1268
1269
1281
1282
1283
1284
1313
1321
1343
1347
1381
1630
1659
1660
1661
1662
1665
1666
1667
1669
1670
1671
1672
1673
1674
1675
1677
1679
1681
1683
1684
1685
1686
1687
1688
1689
1691
1692
1693
1694
1695
1697
1698
1699
1704
1706
1729
1740
1743
1747
1764
1768
1781
1786
1787
1789
1790
1791
1792
1793
1794
1795
1799
1800
1801
1802
1803
1804
1805
1806
1807
1808
1810
1828
1838
1870
1871
1872
1934
1956
1957
1958
1964
1969
1997
2002
2005
2006
2007
2008
2009
2010
2014
2015
2051
2118
2125
2130
2140
2149
2152
2278
2279
2280
2281
2282
2283
2284
2285
2286
2287
2288
2289
2290
2291
2292
2293
2294
2295
2296
2297
2298
2299
2300
2301
2302
2303
2304
2305
2306
2307
2308
2309
2310
2311
2312
2313
2314
2315
2316
2317
2318
2319
2320
2321
2322
2323
2324
2325
2326
2327
2328
2329
2330
2331
2332
2333
2334
2335
2336
2337
2338
2339
2340
2341
2342
2343
2344
2345
2346
2347
2348
2349
2350
2351
2352
2353
2354
2355
2356
2357
2358
2359
2360
2361
2362
2363
2364
2365
2366
2367
2368
2369
2370
2371
2372
2373
2374
2375
2377
2379
2385
2497
2538
2548
2551
2554
2563
2587
2588
2599
2609
2634
2637
2649
2675
2685
2706
2757
2758
2759
2760
2761
2766
2773
2775
2776
2777
2778
2780
2782
2792
2828
2855
2856
2859
2878
2888
2889
2890
2891
2892
2895
2906
2907
2914
2915
2917
3057
3082
3132
3133
3143
3150
3210
3214
3215
3216
3233
3235
3239
3253
3257
3267
3269
3285
3300
3301
3309
3319
3320
3340
3343
3344
3348
3356
3357
3358
3369
3371
3383
3420
3421
3422
3423
3447
3448
3455
3456
3457
3460
3462
3483
3488
3491
3493
3502
3508
3549
3559
3561
3573
3593
3598
3608
3612
3617
3625
3632
3633
3643
3644
3645
3646
3647
3648
3649
3650
3651
3652
3707
3717
3748
3757
3758
3772
3784
3786
3813
3816
3825
3830
3831
3844
3908
3909
3910
3934
3936
3943
3945
3946
3951
3963
3964
3965
3966
3969
3976
4000
4015
4017
4040
4048
4060
4064
4132
4134
4183
4184
4185
4186
4191
4192
4200
4202
4212
4229
4237
4239
4250
4281
4282
4283
4284
4285
4286
4287
4288
4289
4290
4291
4292
4293
4294
4295
4296
4297
4298
4313
4323
4361
4382
4388
4433
4434
4436
4465
4466
4467
4468
4473
4513
4515
4538
4550
4565
4567
4611
4618
4622
4636
4651
4659
4660
4661
4663
4665
4666
4668
4669
4670
4671
4672
4683
4740
4745
4747
4750
4751
4753
4754
4755
4756
4757
4760
4766
4772
4780
4787
4788
4789
4790
4798
4799
4800
4808
4809
4811
4812
4814
4815
4816
4821
4827
4832
4835
4837
4839
4843
4847
4855
4860
4908
4911
4961
4981
4990
4991
4999
5000
5006
5051
5060
5061
5065
5084
5089
5102
5103
5104
5105
5107
5384
5400
5431
5483
5503
5511
5513
5521
5537
5541
5563
5573
5583
5591
5602
5607
5609
5650
5668
5669
5671
5715
5725
5727
5728
5729
5730
5731
5737
5761
5765
5778
6066
6068
6100
6113
6126
6142
6147
6152
6161
6167
6174
6175
6176
6177
6182
6194
6206
6222
6223
6224
6225
6226
6227
6256
6259
6267
6269
6279
6291
6299
6332
6334
6347
6350
6363
6367
6389
6395
6421
6427
6429
6453
6461
6467
6471
6478
6484
6494
6496
6534
6541
6568
6577
6584
6619
6640
6643
6659
6672
6685
6698
6713
6724
6729
6731
6763
6789
6790
6828
6844
6849
6863
6869
6871
6877
6878
6921
6939
6944
6976
6982
6984
6993
6995
7011
7014
7015
7016
7017
7018
7019
7021
7023
7029
7037
7040
7046
7053
7061
7070
7128
7132
7151
7160
7161
7176
7181
7191
7192
7193
7222
7224
7262
7270
7286
7290
7303
7349
7359
7377
7393
7407
7421
7445
7450
7458
7470
7478
7481
7482
7491
7500
7506
7532
7541
7552
7557
7568
7576
7587
7588
7596
7597
7602
7613
7620
7632
7633
7638
7643
7659
7660
7707
7713
7715
7725
7754
7756
7757
7776
7821
7836
7843
7851
7853
7861
7911
7922
7934
7941
7977
7986
7987
7988
7989
7990
7991
7997
8001
8013
8016
8017
8043
8048
8052
8065
8068
8070
8075
8086
8100
8106
8112
8151
8160
8175
8180
8190
8203
8204
8219
8249
8285
8311
8325
8331
8342
8345
8350
8358
8359
8371
8382
8439
8443
8452
8462
8472
8473
8516
8551
8557
8560
8563
8568
8570
8579
8580
8594
8675
8711
8755
8773
8828
8851
8877
8891
8897
8915
8926
8952
8959
8960
8961
8966
8972
8987
8997
8998
9009
9049
9057
9059
9098
9121
9123
9125
9153
9228
9247
9251
9263
9269
9270
9286
9298
9299
9304
9305
9309
9311
9316
9318
9326
9335
9339
9340
9341
9349
9381
9388
9396
9397
9401
9415
9422
9425
9430
9437
9442
9444
9448
9452
9457
9462
9467
9487
9498
9501
9504
9521
9533
9535
9555
9557
9558
9568
9583
9589
9591
9628
9657
9674
9683
9719
9721
9730
9737
9741
9752
9753
9785
9791
9794
9800
9802
9808
9809
9829
9830
9840
9848
9875
9877
9891
9903
9905
9914
9915
9919
9924
9929
9931
9936
9939
9943
9950
9986
9990
10027
10028
10029
10034
10077
10088
10095
10103
10114
10116
10118
10122
10126
10133
10135
10137
10151
10154
10201
10206
10208
10212
10217
10220
10225
10235
10291
10293
10311
10318
10383
10386
10424
10429
10439
10456
10481
10490
10502
10531
10620
10659
10676
10719
10753
10768
10770
10784
10796
10805
10825
10826
10827
10828
10829
10830
10831
10832
10833
10838
10884
10895
10910
10923
10960
10983
10994
11003
11024
11025
11026
11042
11049
11060
11104
11113
11133
11145
11158
11180
11213
11220
11225
11226
11274
11303
11308
11325
11336
11351
11356
11371
11383
11398
11404
11412
11419
11426
11427
11464
11479
11486
11506
11508
11526
11530
11538
11563
11625
11641
11654
11706
11707
11774
11798
11818
11824
11837
11849
11853
11887
11955
11989
12008
12064
12076
12079
12178
12199
12207
12222
12234
12237
12257
12260
12262
12264
12270
12271
12322
12332
12380
12381
12389
12390
12543
12555
12576
12586
12615
12641
12663
12683
12685
12687
12690
12695
12705
12730
12768
12772
12792
12794
12846
12876
12880
13055
13056
13062
13094
13095
13115
13118
13155
13174
13194
13205
13213
13257
13335
13343
13367
13385
13399
13401
13420
13421
13422
13432
13442
13445
13489
13493
13540
13541
13560
13562
13588
13619
13661
13713
13787
13789
13811
13832
13878
13886
13890
13910
13916
13926
13949
13960
13964
13965
13999
14025
14040
14061
14065
14080
14164
14178
14215
14247
14265
14311
14340
14353
14370
14405
14406
14407
14436
14441
14496
14506
14544
14547
14551
14583
14589
14618
14654
14663
14664
14668
14670
14710
14719
14741
14742
14744
14783
14789
14838
14876
14904
14905
14910
14912
14919
14921
14926
14987
15006
15020
15056
15057
15058
15060
15093
15135
15149
15169
15179
15180
15218
15219
15224
15233
15244
15293
15308
15330
15386
15418
15419
15442
15468
15493
15500
15519
15545
15555
15611
15640
15697
15723
15736
15759
15891
15934
15996
16012
16028
16043
16054
16087
16124
16179
16200
16230
16256
16261
16265
16276
16287
16300
16301
16345
16472
16473
16484
16491
16503
16509
16528
16540
16550
16572
16586
16625
16631
16657
16687
16695
16702
16718
16734
16748
16765
16787
16807
16810
16815
16817
16835
16852
16858
16883
16885
16892
16911
