174
702
1136
1248
2686
3257
3462
3549
4134
4766
4837
5617
6128
6206
6697
7552
7713
7922
8048
8075
8100
8220
8452
8881
9009
9031
9737
9808
9829
12389
12479
12876
13335
14618
15169
15895
15943
16509
17318
17557
20473
20764
21501
27205
27647
28573
30109
30437
30925
36183
36352
38712
43996
44477
44947
45629
45899
47583
50219
54290
60781
60941
63949
139021
199524
201814
202120
202425
202448
204915
205185
207036
210848
214295
214357
214668
214790
262675
263877
266429
268828
269055
269646
269719
396983
401152
