286
1134
1136
2043
2278
2279
2280
2281
2282
2283
2284
2285
2286
2287
2288
2289
2290
2291
2292
2293
2294
2295
2296
2297
2298
2299
2300
2301
2302
2303
2304
2305
2306
2307
2308
2309
2310
2311
2312
2313
2314
2315
2316
2317
2318
2319
2320
2321
2322
2323
2324
2325
2326
2327
2328
2329
2330
2331
2332
2333
2334
2335
2336
2337
2338
2339
2340
2341
2342
2343
2344
2345
2346
2347
2348
2349
2350
2351
2352
2353
2354
2355
2356
2357
2358
2359
2360
2361
2362
2363
2364
2365
2366
2367
2368
2369
2370
2371
2372
2373
2374
2375
2377
2647
2819
2854
2874
2917
3209
3211
3215
3246
3265
3273
3329
3352
4805
4861
4862
5378
5388
5428
5511
5551
5574
5583
5588
5617
6660
6714
6739
6749
6757
6813
6819
6847
6853
7618
8213
8246
8386
8412
8523
8546
8576
8608
8709
8737
8760
8891
8919
8923
8938
8953
8996
9015
9045
9046
9047
9050
9143
9152
10728
11315
12302
12353
12357
12361
12386
12393
12414
12430
12479
12493
12573
12663
12715
12743
12767
12807
12871
12912
13017
13036
13083
13116
13127
13144
13217
13879
15378
15401
15480
15485
15502
15512
15670
15709
15732
15879
15897
15924
15962
16019
16028
16237
16338
17435
17558
17650
17794
17993
18291
20507
20825
20838
20921
21044
21073
21142
21183
21286
21334
21395
21928
22140
24600
24654
24745
25113
25135
25148
25186
25310
25454
28708
29113
29535
29562
29571
30722
30903
31204
31334
31408
31615
31654
33900
33915
33921
34419
34430
34769
34912
35080
35210
35648
36912
36935
37233
37447
37460
37461
37492
37559
37577
38266
38442
39210
39301
39309
39651
41128
41445
41883
43225
43408
43447
44957
45271
45879
45885
47377
47628
48056
48173
48331
48503
48574
48728
49363
49562
50266
50491
50521
50973
51372
51964
55410
55436
55644
56369
59524
59542
60940
62097
62211
62451
133580
133612
133666
134071
134424
134927
135341
136987
137453
137545
138035
138617
139077
139336
197727
198528
198955
199140
199749
200352
200765
201829
201917
203237
203281
203388
203642
205448
205476
206238
207467
211559
212661
262175
327710
328126
329372
398371
